# Davide Borghini, Daniele Bedini 
# Diehard Tikhonov Fanboys
# ML-CUP23
# Submission Date 30/01/2024
1,8.60712583347579,8.580333120521397,19.74668588253882
2,9.441377461105764,-35.84437216296335,33.863288663810316
3,9.221104703622059,5.296620854094337,20.08403287595496
4,-13.973551827194425,8.955419975612566,24.72628331186911
5,-49.12420225833849,7.553667936414632,30.499868831633435
6,8.902266231764871,8.565846941665233,13.437837004946902
7,9.090935214830617,7.968763546308216,13.606772459911024
8,8.20518374232312,9.524281905026681,7.0689887145098975
9,4.566569403742713,9.784710733654789,6.395117607805419
10,-38.576529509392465,8.859671996009537,24.59873299865735
11,5.757138788971021,9.496020324796413,12.842670031325287
12,8.722557377045385,-46.45623362878884,14.986149925223371
13,-11.422260951614653,-62.004585255107266,16.64699596488256
14,-23.356281632408418,-50.82267036683866,9.896947523812276
15,-69.29831084202587,-5.013252974914213,4.536116536539598
16,9.904652521215526,-16.15898320122762,8.031953058630206
17,-5.939830544040326,-70.42378692549497,8.901818398215077
18,10.004939899162364,-29.45958094187113,33.220074441115486
19,9.177758127803267,6.502854002367689,13.920581468020494
20,7.806214200163053,-54.21393124565476,14.971190533513735
21,8.035468618084836,-59.43086272271922,2.6470177228673144
22,8.684877058837996,-26.29437147897241,21.136814452635196
23,-48.1710970939854,7.691411091108611,24.051529113279134
24,-69.50004846828405,-0.8665392942686232,16.648252649787736
25,7.26607337979179,-63.3983987808515,2.6179366571329776
26,9.651531216593261,-5.762008214001783,8.133045799950628
27,8.2130407720573,-53.87548545968073,2.4640074565309362
28,5.180466099256362,-65.79010546638153,28.1194422500886
29,9.5475170817412,-4.741340042876423,7.977596897541094
30,9.17309135960785,8.13431873886813,25.859040952054897
31,10.06495032785371,-6.473464155197705,20.805142764861227
32,4.396201710790685,9.784088094389302,6.369031805248538
33,5.135976986268814,9.198382751279189,0.1402677649828874
34,-5.4876463818510555,-69.55728190042183,15.420218583877974
35,-63.41539260239912,-11.485967261620814,29.71206345724026
36,-10.413076119013201,-65.01937725207414,28.624004455886478
37,6.240056398851587,-60.665789891178854,34.105684453089616
38,-56.41350318124615,-20.619156926704107,16.733133931979207
39,1.7503810300520328,-70.72567735264806,34.770731096539365
40,6.768080858318827,-60.94947237382709,8.937178889649754
41,-67.76124899701333,4.261194708153999,10.899195989936906
42,0.6583502700938855,9.603978400787737,18.584753213611712
43,3.1357872399057296,-68.71423199940762,9.364506539221466
44,7.129673164629901,9.382684853271362,19.397366716014567
45,6.744914546228413,-60.52607275907576,15.276494970883782
46,7.69077128214783,10.309006832309015,32.151770811512016
47,-0.5213385742126402,-69.69491507826488,9.465845668754291
48,2.579638788145882,9.751287711435738,12.632193906081651
49,5.754301112961636,9.196025813442647,0.16783814792025353
50,8.1876568348691,-52.64383674516468,27.817029045154236
51,-70.1276680347929,2.1297034101401255,23.396481843490633
52,-39.148238507011456,-32.5059515481015,16.598310892425225
53,-53.97026386527226,-20.884143466340618,4.185149231482475
54,-65.57407117487834,6.40043123513726,17.742417160617517
55,-0.9841210811450658,9.57873156289949,18.649935302837676
56,4.472565429940037,9.78401301745921,6.380110459062168
57,9.187692822676736,-35.6155031443112,8.570408522690053
58,9.163526254494295,0.459325283010914,1.447844713226207
59,4.3439610311245875,-67.18868526059946,9.135071992930481
60,-47.060841467596916,8.821351959296718,11.685393284187949
61,6.04794477790532,-61.463093854610676,34.23307846888957
62,6.83349538642266,-64.55682592422826,2.62048223639556
63,8.510930383545857,-35.48429273301258,21.3215768900438
64,9.610905616713938,6.703746514338748,1.338628286447486
65,-38.909397147991285,-35.02126707648991,4.153506997875837
66,-30.015766031339645,-45.15233543067489,10.221941173347535
67,5.432500774280923,-65.18076374359315,15.449684065832788
68,-40.96139772276777,-44.02915504906629,24.781806777055085
69,9.376465974403763,2.4866254258582945,1.370061204448353
70,-38.286281932828686,8.882080099719024,24.625039728179416
71,-58.33972939772866,6.934688357867264,17.827198888341133
72,10.09327482486489,-13.80093006120685,20.564823599709506
73,7.659834385050273,-49.08606394267306,8.969078385512281
74,-3.6703033957210733,9.284782391935119,25.064395204980265
75,7.42978679951282,9.64110400459994,6.925574345286982
76,-70.65268457621046,5.057278081505354,17.4633001646842
77,9.975695639910176,-6.511928497630596,26.690842904997655
78,-23.49645061576793,-50.67894153758437,9.927627631652793
79,9.792708839469414,-8.425339230957032,14.82861201098128
80,8.575082467823462,-23.200252710283905,2.1620271308322216
81,-61.54922100351616,6.893101153347997,17.84553653981379
82,-60.79547882027566,-13.058385092997346,4.180208803647162
83,9.858993530388512,4.6842228444010825,8.04757726293965
84,9.226104693938828,8.862436099941922,7.373434363326755
85,8.7711807608668,7.921663159877356,19.83089217013113
86,-68.99046172334647,4.676596049949266,30.31261288532273
87,-31.253224306238693,-42.26079702504364,16.026860166725644
88,6.877757400690717,9.230327212005347,0.2922468620900993
89,9.9419487823395,-3.9135654431548748,26.67205246460643
90,-17.443143724978448,-59.114850380413976,3.483512777027064
91,-19.001191228566903,9.195094950813454,24.659291264833197
92,8.931692211126313,-46.68641342798056,21.084954523444154
93,-63.47553590251429,-10.852078413982278,4.110312186964972
94,-55.722441263295124,8.264846869481671,5.454626424721592
95,-38.311820645313865,9.131145605684216,17.514395087989826
96,-1.5708112149563664,9.4369252816188,25.216556854560103
97,4.199339519414483,-67.22925742332197,21.49832795756442
98,9.702939059488147,-6.756464298792013,1.889472195044906
99,-65.23083121896084,6.528144504416778,17.806642734541608
100,2.5251326769047537,-70.53160239461235,28.29884293741715
101,8.440787228414871,10.170648348402624,32.166063283845084
102,9.2485919807299,-16.44276653049789,2.160301367483351
103,9.059060404536156,3.7632288019790874,14.147326179063885
104,-7.186035880336464,-67.23268146681376,28.37460440009791
105,1.9670124077680207,-70.51858012418268,15.736957695177557
106,10.035708131504313,-32.269811133853096,2.1118534974004266
107,9.60321620285883,6.670761321125946,1.3395598721362525
108,-51.211016246278945,-23.141593499408938,22.678068267597155
109,-70.21702187271872,-2.9902091077538646,4.520302526474737
110,-8.788041324702789,9.220394172995862,5.939051701696783
111,-65.75348922724838,5.888874857203662,30.277390253158813
112,9.859143594317397,-12.962423631507574,8.409182448021802
113,9.181566055427998,6.508359898101316,13.919621971366315
114,-71.12373767433432,1.8107492498995885,4.778283255095507
115,4.880045171568037,9.206056044313387,0.13364254978712609
116,-61.55478525079108,-12.44245186786509,4.158332884421197
117,0.43044398054142796,9.209134616574465,6.245756106061863
118,9.621212222617531,0.8207886367026997,7.802418575920301
119,-25.455514456767872,-49.12941448117312,22.196214648705443
120,9.212863368631131,0.7810944330400229,1.4467152112557677
121,-53.40117691845356,6.559012088906529,23.728862200655858
122,8.827324259451808,-41.83266184818383,15.046877827836209
123,-7.518170212815804,9.72376888256217,18.724255615307374
124,-66.13390711361963,5.652624993391926,24.254260695052402
125,2.3493717322223002,-70.15197492256357,15.752621901760106
126,5.531757603589016,-64.90294345107183,28.05235847822795
127,-9.726983791410978,9.691676685636638,18.696157108827734
128,9.59217731527683,3.1511571860357126,7.94028340348067
129,7.887270628587723,-60.74849216933406,2.642542886214109
130,9.471886391922217,3.237108534108648,1.3715133245604427
131,9.803223285111818,-15.731440495841827,20.53939736047331
132,-67.55975843224012,-4.627164037062482,15.83696096609887
133,7.952323187047872,9.228975860536012,19.564448553255033
134,2.832764404430902,9.832498529646616,31.880373606614867
135,-25.865544017076395,-48.49921812002179,10.024921124039405
136,8.985541148766432,9.924736308090266,32.20439431338396
137,-46.61792599176254,8.033001943303438,24.192027505074105
138,-69.19949623334126,-5.197132308568408,4.509368948227165
139,-57.59710095112606,8.248300609644017,5.364344551460746
140,-7.845712476026424,-66.88796486478579,34.65540946390419
141,-50.41978507332899,7.876051819080969,5.353611483905002
142,7.645736276884,9.273605757398814,12.989842596923342
143,9.938687584463503,-8.914857759734524,8.559824569067162
144,-70.02950234766773,-3.482187829249993,22.935916208989383
145,8.230780981183914,-52.75325247255693,2.387062416037562
146,-61.574892839369376,-12.441712099955996,4.159192376965841
147,9.165161284535829,8.97278241999595,7.343885013813814
148,-29.220571783516228,9.319011190920277,30.908837117237454
149,-56.653824759637445,10.721663530802,11.782875688311638
150,-70.7682528176439,-3.1797793410210584,11.110472072363962
151,-67.79174896621731,-7.908541392863494,23.836698756704003
152,9.337810326209008,6.733585055341363,26.02575361769124
153,7.783718608654736,10.294568740983754,32.152611797702534
154,5.622236443672476,9.79399631505107,6.591473146665587
155,6.574636433396874,-59.32817275382602,33.97612733755922
156,9.574336931916077,-15.226645210751201,33.41479148384673
157,5.633399707137977,9.507414311382979,12.838267596374502
158,7.539126642465844,9.336680877811444,19.47876305816406
159,4.445161280595583,9.786988995230944,6.375332282802447
160,-61.525927424703696,-12.659822852365739,11.1254329097692
161,-6.365979566409191,-67.6091842913117,28.297275849641338
162,-12.201210044694573,-60.99195755296016,16.671165246395383
163,9.750077299301536,6.753096745129026,7.742452551134555
164,-18.632750241248587,9.363331064026317,30.950250664450216
165,-23.054880238314823,-50.43818243901068,29.123770467319396
166,7.383552610620166,-56.36924227805089,33.84412890780694
167,-64.74943314665806,6.545392632148635,10.984519404637304
168,-61.27164546886787,7.965704434852439,5.087214952616394
169,-67.8946596983622,5.4715542474457575,4.729419640745052
170,-42.79281246638439,-33.25660683930148,29.17674943549848
171,-39.39785994045549,8.728605368923246,30.33831164650335
172,-67.35942716679176,-7.354713570582403,11.083313817791474
173,-30.374779481889036,9.185901878006883,11.743736311373159
174,-40.31455554002233,-31.24108693093828,16.615457144300095
175,-16.451560500333528,-57.67404207868187,9.472596781466638
176,3.090497785458984,9.730475695368222,12.643979532015585
177,-58.060778931199174,-19.39740035576698,16.618780033059807
178,9.620809154210194,-3.8837139385330968,33.07234477147209
179,9.659450633559564,3.4925703807139374,7.983607671707453
180,-35.455506126291596,-39.581425547129676,10.226885350397975
181,7.349688382851651,-55.42096893334603,21.96721064354853
182,10.091827775667552,-25.678504831608997,7.990447164548396
183,-63.4537042066364,-11.402866490979008,29.710163319496573
184,-4.848960841545937,9.071638474729815,12.179076003521484
185,-22.076986502498023,-53.20534023785398,22.707235741071827
186,7.122242924148088,-63.79830171337564,2.617070698112517
187,-46.50429396941954,-28.359659907403014,3.8393770066133257
188,-10.914329020508058,-68.27896209157734,22.367076394785208
189,-13.871851628438709,-62.166241990651606,22.379131202237936
190,-61.68799741195515,-14.36660252885351,29.583136864848434
191,8.856936561783984,-40.58656988695244,14.997921245560264
192,9.000618368365002,-37.14179576115892,14.735144724687661
193,-27.69382021760223,-46.674006727801874,22.291751355804468
194,-70.59611572355045,-0.09120237714858348,29.892542515060917
195,7.791714796826939,-53.89007995770789,21.831249046157293
196,9.27129537848674,1.515577728395682,1.4154124814401747
197,9.861336881723231,4.8430513356835565,8.037712973960662
198,-67.4202493640802,-5.784034208005208,15.826702442546674
199,8.53664762139604,8.999975481412855,13.250531226374077
200,-1.6235189803218457,9.436388605466247,25.216408292365674
201,7.844466155527021,-47.07915963296828,8.76589865952815
202,8.11733472224189,10.24807004616939,32.157696082303765
203,-70.16654605439125,-3.1495427983205033,4.535378388036021
204,-9.75993334554274,9.207414588628373,5.963134188503846
205,7.685289469045712,-54.22550216370574,21.863395355710175
206,3.553008437939706,9.929471871039203,31.963548730741316
207,-56.141117447919946,-18.803194533834397,10.763937335586613
208,-35.85824774116236,8.939282904929664,12.024762721926333
209,-13.304505004228236,9.23081797238322,5.788484771482478
210,-68.45044600189601,-6.5390707914629385,10.972168880756396
211,9.84611278947978,-28.493775981702605,8.219838786763834
212,0.9830745110226857,-69.87506926086294,9.337696937738375
213,9.602301000353668,6.811141887074276,1.3338477858503222
214,-8.415741943168303,-66.76449988128383,9.691299025770732
215,8.612396242813046,8.927498397868172,13.285277108623042
216,4.286185376066886,-67.25710560832141,9.152214159846931
217,-30.713074643696082,-44.16573958877141,3.960341053432346
218,-37.20573562336775,9.123474613987623,17.495616663126615
219,9.296711647637414,7.1992572949538545,25.991514678481078
220,9.939070834212837,-9.182743663854065,8.566700575627554
221,8.692474411290119,8.309642730378746,19.78577758911147
222,5.238267125872953,9.560005897838321,12.814129067932523
223,-70.41560843383549,-1.0742212378210567,29.73569565765243
224,-30.658585857970287,-42.8674367410128,16.035077924930466
225,-70.54583490275702,-0.4096654192092082,29.835570720504705
226,-70.87332257956616,3.2239797403222017,18.17609078037729
227,-30.233114520093956,9.209693712875113,11.735019329105842
228,9.43592562036944,2.0171389313157935,32.773535728181756
229,9.230892718655754,8.466496921283946,1.0797308352625095
230,-50.98148143468931,7.010670014645461,23.754443136372178
231,1.1077205786032032,9.620309215812044,18.601983921044642
232,-23.340068018182365,9.25841522830972,11.892481566853055
233,7.685761149386549,9.59635300671892,6.9722275470643975
234,-13.876881985807794,-62.0323045938727,28.60626167122664
235,-60.36655785594793,-16.268699282614605,29.635523832319052
236,-69.57918997211688,-4.468698649170115,4.5881742024591325
237,-22.40005910029927,-52.918465906552186,22.62309194806299
238,-3.6856349749721105,9.275061843832733,25.06148337361905
239,8.093902578612495,9.540747356661202,7.048740313929162
240,9.612949872368377,-1.0885499679608923,14.146555023349377
241,-71.15540648596405,-1.801113382754222,11.207684046617644
242,1.7126483806975692,9.73787148343949,12.615855939997477
243,-40.66596727501273,-32.27094100171151,10.466856525744323
244,9.565671228638307,7.779781712411436,7.572908062980964
245,-66.30427441643602,6.500015998264713,4.775171174438324
246,-26.052330986109347,-48.34562199034487,10.022558701302053
247,8.514820042236193,-35.353298636419474,21.32629472724334
248,-70.5366805793225,0.36579376650796114,22.944755570362293
249,-54.37052162137894,6.455511127744169,23.75954441727643
250,9.309763713608321,-21.25770804946135,26.661659346353815
251,-5.242960075362136,9.621492979101381,18.712080601725123
252,-15.561565039699062,9.344244053517345,5.77894278745881
253,10.120734962349244,-12.442372503812708,14.776958490715748
254,8.515057619213552,-35.2643956265188,21.328709177855995
255,7.650060290811121,-55.13493333899111,15.004129636927932
256,3.5599173743046677,-68.60738079036621,15.671848205365738
257,-25.505327101056594,-49.56845167649636,16.228193149095457
258,-0.10093472751523436,9.444078392726693,25.212072191845678
259,9.655766626395637,-11.640183094049366,26.893055099070946
260,8.573714174964701,-38.570519604532876,21.170871399107675
261,-9.576473982939234,9.010721398566814,30.903265803867306
262,2.471688010510162,-69.32372228806547,9.365717959459836
263,9.977601657080092,-1.8087348070023115,26.523112080936933
264,5.580013934432907,9.532195557824915,12.835896661558806
265,9.210820986402195,7.972849541808765,25.888260603256278
266,9.611310439822061,-9.431239206237265,26.900204465722325
267,-38.420120120237314,-35.719951319997925,4.0874317918856296
268,-12.204940897546939,9.203354355947623,5.867260290833341
269,-44.28018964385596,-30.310133116517918,23.26784813178389
270,6.5986418594439105,9.422079027386479,19.291006549285864
271,7.238343859940786,-57.89214130907914,9.100469019309228
272,9.7725041018918,-12.398944403024252,26.91921528216986
273,-49.97252740880305,-24.158486680515068,22.587415145680296
274,-64.006787905678,-10.503806702675337,29.69272554037081
275,2.415418175022916,9.600507324583768,18.709072379062324
276,-34.14550722556414,9.098994295300484,17.653831392546486
277,10.155223765275638,-22.157580626834644,7.910933671756453
278,1.1433676418027137,-71.48074254315881,28.2895833875671
279,5.795329486790903,-62.59441796893137,34.43594771862999
280,7.538640709623893,-51.93100294404315,9.138148688640003
281,9.875024401023259,-13.292802391120764,8.398652466079616
282,-21.75740329161963,9.336357106116916,12.008270336346879
283,-37.140484164695216,-37.840721000048234,29.247723407446145
284,-69.94029791804626,-2.389715750654739,29.670180521287705
285,5.680307529859286,9.194622303253782,0.1635406560671342
286,-70.44951544341767,0.9858798505603819,23.108372391798998
287,-37.36507582302736,-37.59759393683316,29.32773127815824
288,-50.973966744740515,7.0065848443675325,23.75638644141503
289,9.540221570628395,0.7738986766897593,32.78070784804179
290,9.627996398128323,-12.78038942332548,2.2798839053989965
291,-11.441823731296774,-73.37689672486559,22.032126940357518
292,8.688865658465241,8.346998524307798,19.780494822493203
293,-70.33303445874722,-1.371399439497834,29.703492142905795
294,8.47170290681733,-49.86933799765493,14.853716790626034
295,8.839815083147007,8.678057711573304,13.398122651941893
296,5.015947447373611,9.496318414690224,19.01517873105155
297,8.942343379832613,-22.301899064592266,20.949513695160608
298,-63.83646749501746,-10.754036825556337,29.696167030038712
299,10.058169379939146,-26.010863583559377,33.00979549107624
300,7.834024314438581,10.287723622592308,32.153025184523
301,6.404341458409201,9.335359998323048,25.333551942351182
302,8.101958436445065,-58.48099594358341,2.640945110570156
303,9.575130770012047,8.299943902112107,32.4641431842417
304,-1.9241215676046703,9.037495878934413,6.1678607525853355
305,-20.40470370057541,-53.99003115108223,9.279497261290654
306,-12.074585848040563,9.428163507572991,12.441049124248005
307,9.353535470738139,-30.106848033026232,14.584182066561489
308,9.993248107325462,-5.849450481371024,26.738623883724316
309,-70.94988002028606,-2.709293336207601,11.164198371274217
310,-25.930390686264523,-48.510463209413736,22.20525132443944
311,-25.095816020119766,-50.15147226287002,16.017226810288232
312,4.392806558045677,9.298326428014585,25.229884071087618
313,9.100713593730402,8.392371027983087,25.807672925707045
314,8.474356057150663,-32.95567958946444,21.355788701083792
315,3.397499500830163,-68.84698417855581,15.697242302649375
316,8.369742707076737,9.071495187407754,0.6750371424735455
317,6.162779761029389,-63.03279891394468,15.391794509427996
318,-15.399283491770632,-58.545772283364194,16.0690857680615
319,10.10681267419332,-1.2197216514498557,20.19253231443487
320,-62.19138248496445,-11.602698906919247,11.237070337928078
321,8.722488069020981,8.954433420486806,25.673139211722535
322,9.610512000612593,4.5343296181062716,32.9215538346444
323,0.7890613028906142,-71.54382903979449,28.30568951807205
324,-70.63556716265096,0.4544363763002419,29.995081546709237
325,-10.714665977290407,9.079319276115074,24.9392317498964
326,9.141241259701188,8.59288354075582,1.0248733882274195
327,9.602476327695681,5.377885644115109,1.372760207601889
328,-11.713396022645858,-61.61943567854381,16.660506456241357
329,-43.165903128350166,-28.797048747380742,16.660729314605653
330,-9.994061409860477,-74.1391090672851,11.7635406761209
331,-55.13438743669404,7.10032370487035,17.70100672520557
332,9.64153673402346,-12.291896638619086,2.286195673876948
333,-27.538520746792628,9.407397741809318,30.93439572199135
334,8.207247733322037,-54.80890018280425,2.519185965216179
335,8.705687870429772,-25.624348795778694,21.07247601878214
336,9.976833693176618,-21.516848089133372,33.495422330552955
337,0.734033288381502,-71.10178657143275,34.84999845483519
338,8.852338942504106,9.289564715546794,7.2308017863159115
339,-4.217010700527215,9.227527989955833,24.99621581417441
340,-14.885243260472517,8.942232893048894,24.671642082621474
341,9.353563620975011,6.348384993406212,26.04833735502442
342,-37.813389403806255,-37.10749417534488,29.425648104824738
343,-51.34414687853552,7.957441463411053,5.409058351424559
344,-54.961811587842014,-19.662087774312422,4.1613078970749395
345,8.957354373582698,6.726976960155552,19.983056036801464
346,9.582074376414473,-10.49088460039441,26.885092543128415
347,2.804169779282576,9.647204017452585,6.298282463293903
348,1.3002743706016116,9.447923668162298,25.232164655127495
349,9.886098219045673,-14.79468792931399,8.216928076522285
350,8.775573952661878,-49.6237910604811,34.58360450626318
351,-69.26207138067618,2.4731967775829116,10.865212457787793
352,10.924722416890601,-34.826195574115786,1.757250596184834
353,-65.49280823049008,-8.640992795532846,29.727053607483654
354,-58.879498272495624,13.108626396591065,11.622237448214737
355,-70.55444750505976,0.9572894556034139,10.970381239753017
356,-43.65177974196879,-32.203510057888124,29.093142197347234
357,-21.15272342951984,9.396078415348816,12.074387483812512
358,9.077523091428942,0.029466298954867298,1.4355172866188024
359,-28.648491493762663,9.238610090985103,5.4776823790624345
360,9.268971408710621,7.53401843779403,25.955203331851465
361,-33.32009538779142,-41.817279024262476,10.478677470044513
362,-15.17961468746529,9.441802937737117,12.365268995517713
363,-29.86003399354731,-44.1057639679919,28.89663423338841
364,-38.89545449406361,8.78975205120558,30.327427654676132
365,-54.53667117335808,-22.194878657168534,29.356522488726412
366,-44.5747522083583,-29.086182254613995,10.423724320571637
367,9.961883381864178,-30.55253168298197,33.52563675690273
368,7.107488773085132,-56.299166043511505,22.033710758638595
369,9.533788186171629,7.925109665055713,7.550910093532623
370,8.909960726482337,9.968783849638525,32.193116789727405
371,-59.42261825116485,6.01248402563615,29.70604617100353
372,-7.268984060883427,-69.51458049287193,14.65546938891056
373,6.859599159298705,9.407714059460018,19.342981464897072
374,5.612427636363099,9.797867843905033,6.589854318960921
375,10.056656275936296,-0.5126706399626393,20.143391572732902
376,-37.66093016239982,-37.26159556828253,29.404122935959492
377,-29.028333507691748,-44.94317718981672,29.04576993790927
378,10.236380194145871,-4.522748377018319,20.638850983631148
379,-58.148658910918385,-19.313239532104237,16.618656572085502
380,-11.473290114395445,9.444708299540965,12.439929613491127
381,-5.592712731552285,-71.99273268316429,8.15404282733511
382,-14.664122926585156,9.015005972490941,30.94154690855092
383,9.185710433218938,8.535489525110298,1.0499305131755854
384,8.698758001351942,8.299741767368081,19.7852378463832
385,9.320283413212016,-16.047478718050357,2.1694066771664122
386,-53.61971168511459,-21.232883223794957,4.214156831964186
387,10.19037565381136,-13.043438204565767,20.61551920516167
388,9.82771681455907,-31.89595735039594,33.7575234104728
389,6.759960537415013,9.40951800859701,19.323955399227263
390,8.777313534432198,-36.975106649172865,27.614405251851416
391,8.04268950685186,9.559110455082076,7.035484377996518
392,9.30953083925334,9.65265987074138,32.252234980882434
393,-12.15713150426768,-63.61185741335704,28.58763811230398
394,7.541306044713396,-51.53346982678375,9.13103726820465
395,8.692267409463385,8.971802997127599,25.66213551292947
396,7.7102864263610424,9.291955029534,25.502950326265186
397,-7.308094663131456,9.70502517149666,18.72511618574378
398,-49.96853782005877,8.029552977772854,17.55155069132112
399,8.26367335140482,-52.20051841342056,2.345356688939736
400,-29.552135281671767,9.01028716947278,24.40801519179704
401,4.162073306905475,10.021134108328676,32.02488417690826
402,4.460674509174799,-66.54659848075939,21.527130829004253
403,10.053256164299542,-7.014874294698007,20.82224380545965
404,8.493218507949218,-41.50314500959343,8.750006274363432
405,9.48869148650108,7.796395503530418,1.2522047717197804
406,-47.904424773381166,7.7553983916497575,24.08405847387396
407,-6.704673581980759,-68.1122914740527,34.59031252422686
408,9.605899282153255,4.469933999557268,32.92258981906838
409,9.713898666887447,-10.299701672499147,33.45021262941796
410,9.549975012964401,3.9871075789803125,26.25503560202319
411,6.618384845917484,9.711091991163647,6.787065706581144
412,-41.38480357210626,-34.65898462050311,24.05029765684898
413,7.628887182440556,9.306116413484832,25.491772815684786
414,8.006416885897051,-56.28870498038844,28.00496283087857
415,9.86571792021027,5.569392346105738,7.946696677537618
416,1.3879207243437808,-69.84118454075117,9.325750293545607
417,-9.742929627463443,-72.78459122502004,13.032897815236637
418,9.501752267886209,-14.555062848907887,2.216988413239486
419,9.037766851177457,-0.12086721838412373,1.4283690220412169
420,-68.20300733336322,3.7175480580921256,10.88008578100397
421,-69.35038532218606,-3.4770245085235434,29.715475875872123
422,-27.899117029352034,-46.81359487580806,10.025328126258117
423,-6.185687889985667,9.10953109454652,30.780375312121258
424,9.77188269114742,6.586140760929338,7.7735406747283555
425,9.311285946050104,-16.082702695023332,2.168681973545805
426,-70.52464946696965,-1.6674980477787713,22.686638268960266
427,6.518032442744138,9.430411665546051,19.27526619611181
428,7.616099040234589,-49.76781559706688,9.031478430478206
429,5.98962349480343,-66.23577079953355,2.6626448641321225
430,8.42228056296849,9.081453612482536,13.203366209406575
431,-63.21885373230424,-11.83286684349286,29.718803009359835
432,-70.35580329124012,-4.035783343931309,10.9964288919703
433,-59.95383386901201,-14.509599150439627,11.130156618849451
434,-25.260726960775962,-47.70564649319301,3.99223836209395
435,-11.00488890762921,-62.58283226063393,16.627565241304847
436,-5.247726286420684,9.075001183047279,12.181068320489862
437,5.074146291950916,9.798141755129967,6.481745654548604
438,5.040368977809488,9.192383155786805,0.13719254368872313
439,9.6126236154289,6.8512709152357925,1.3333810150076246
440,-29.584798595334412,9.396374395454911,17.858185424816057
441,9.626944387233186,-24.163022586049678,14.596518968556481
442,-56.23105728735806,6.323840571772033,29.667778846128076
443,8.799537906682106,-43.327525581175635,21.21618620171204
444,9.229219142611045,-33.139684520784876,14.664484920759381
445,4.199695229313418,10.027777167665251,32.02818793138374
446,8.243874923805793,-52.61102309700468,2.3759962956894043
447,1.646054681885623,-71.25906602522664,28.279285166183747
448,-51.483886760889426,-22.930224777627235,22.69282233486321
449,9.663664667758598,2.3597652330233334,26.438961861536768
450,9.606647560958402,-12.781617782330876,33.31435291461665
451,9.736436421404589,-6.3818727108069115,8.235252861744568
452,-10.329096146965885,-65.09459742145347,28.627468694904668
453,-56.73205410213858,-19.774095664275805,22.73491681013649
454,-59.27321567264547,-14.267147522980517,4.247524461629123
455,-44.06013859975713,9.08584303940867,11.800165519311111
456,8.60075088314427,8.604070569091634,19.743069742294807
457,-49.89501670564661,8.453115720399827,11.537358587988516
458,0.07367992307795745,9.454454283154936,25.211881110876924
459,-18.390704813731546,-57.09498021171642,22.589497602694706
460,-23.743833500280623,9.616383359328823,18.14325016841814
461,-36.7626880896444,9.023562276545254,24.76470053505081
462,-53.213379445618195,-21.657545684654245,10.580930548434413
463,-41.88757540297477,-44.15265237140606,25.142050932385345
464,-6.632528865895633,9.20475895842395,12.282615427904767
465,9.735162967833213,-12.163606333527758,26.91030614517814
466,-69.76463381365903,-4.167045049341789,23.035993599390906
467,1.677475243491557,-69.7769331705779,9.327357667353803
468,-35.254745691743516,8.657498854121856,5.551183919426647
469,9.635293092729194,2.6686309470601532,26.42028867877883
470,8.693615012481954,8.307765704429658,19.783915252703572
471,-43.15910188226428,-32.90599365303001,29.134820553338425
472,-15.169630854793418,-59.732966235758084,34.84561680487437
473,8.50479675002416,9.436181075228694,7.137996343923348
474,-59.46137777941655,9.405958506712858,11.677973777539709
475,-12.414370332302516,-63.3902552719619,28.58651130098298
476,9.667357955722819,7.238298002997601,7.662317120008254
477,9.662141769469757,-18.047628621063225,14.435202937965341
478,8.975764480330225,-2.980506299239419,1.576163259777866
479,2.5095808304841647,-69.96806740386472,15.755010890243302
480,-65.59078215055564,5.86443017783977,24.297300895982477
481,-70.94057666910578,-2.6991698640058654,11.163364478040027
482,9.182060377967124,6.589250035885529,13.906926702566581
483,2.065676736331211,9.334027118151448,0.10668103273660279
484,-69.39810052948691,-3.3843521025976226,29.71000212213528
485,8.862231998820649,-30.926507136550214,27.399665033942107
486,-15.460241124439943,9.439748956346778,12.368113287329109
487,-9.330808079356595,9.032979693642654,30.887830655983798
488,10.19924231486724,-2.4479835541318486,20.353191252633472
489,-65.8715241541201,-8.192120595947724,11.195050486106568
490,-69.5865920758997,2.110372708495893,10.875975954078285
491,8.182924040730354,-56.12442190672513,2.5818572794307375
492,-68.12193230710292,-2.6377961632736096,16.143763054362257
493,-24.255586178497435,-49.02736356959741,29.122944743870434
494,0.9850686250161118,9.337608630280235,6.254985694301077
495,7.136440034939389,9.305620611461537,12.90872487301361
496,4.072699211696808,10.014820298157476,32.017409892494776
497,6.62219164537626,9.21815913370351,0.2526432002502723
498,6.748617304583197,-64.75135960125976,2.622810434862897
499,8.732744662359723,-39.59617307749495,8.723630457310177
500,0.9103336380454348,9.45582937347372,25.222863226565376
501,9.349907479740926,8.574203970587638,7.437482911995852
502,7.902237166581843,10.288644645421106,32.15418827440579
503,-56.92465624246194,6.321957677558791,23.893025421335274
504,5.276977826056951,9.19619422971479,0.1455973468875733
505,8.872725126740361,-19.53427842926297,2.1368438822629585
506,9.658848613286105,-0.7976842177582313,7.774474090200311
507,9.829758267661097,1.4939655057126462,20.163081163662195
508,1.5966678579028972,-70.79515028699569,34.783704987651504
509,-0.2938263529674092,9.711711883949905,0.14792981392791305
510,-66.29598961431476,-7.9627868816971645,11.166081235871808
511,0.9883293319127979,-71.12324781066097,15.72265519079482
512,9.58808360757021,8.46243655610767,32.442362129709316
513,8.746820711678117,8.020020918086368,19.819616098735917
514,9.578507585591856,-10.254366138434863,26.88832043580469
515,-1.738728196401322,-70.86185322311101,28.497245450301868
516,-39.262027736757894,-32.35659229169607,16.59313762756189
517,9.146878891791664,5.945961089346818,14.000714578114252
518,3.4472392898669657,9.914998464762794,31.951901830092986
519,7.2055251629914725,9.233016157845098,0.3516436921828081
520,-64.40952378497366,-9.954981413319077,29.691642060181408
521,9.857188736799364,-43.8493018878356,2.442719150598764
522,8.852861766808653,-48.27043570657691,34.78003794955795
523,9.38018972810284,0.8704188352716482,14.062651702868807
524,0.16921130836459852,-70.72666346221233,3.0768696679690404
525,-11.33835589536933,-65.35956733512518,22.312294354682116
526,9.136779818313082,-45.70458443911488,2.3054536234796146
527,5.764634671183339,-62.71819007983199,34.45741677615173
528,-27.452472865261107,-46.298597143823635,29.153112763255997
529,-2.6458670396821553,-70.55103389566212,15.981999713044917
530,-69.36085774866585,-5.08392685772575,23.161895166446023
531,9.183621835759448,7.118711920164818,13.802835855446357
532,-10.676270611010274,-64.98731835277107,3.523362989130124
533,-9.495904094560112,9.219312996591482,5.96072898557925
534,6.199436350807632,-62.94108611008379,15.389447656195687
535,8.71207458083416,8.854105684382864,13.328909152988782
536,-31.83590124840498,-43.39692018437619,10.487266113818952
537,9.606538214598766,5.097758523874015,1.3792015055484956
538,0.393316802947723,9.206419227299433,6.244492904831313
539,9.939045390343816,-13.590403287231931,26.95801373915332
540,-21.504467281198707,9.365428144178457,12.03487024361553
541,7.958094342313158,-60.165831901986465,2.6463419242313755
542,9.205785403280638,5.381660875389068,20.08099858267197
543,9.514769553685342,-27.079384967983753,14.584175716298335
544,-10.628768306106842,-63.833544220990106,34.810361560777835
545,8.917048836347183,6.9335114649071645,19.95718026195242
546,-9.569148370183525,9.472983628985093,12.438420786811186
547,5.329569520154683,-65.42189638924157,15.455692221771264
548,8.558616127530739,9.01372090599581,0.7446670535375084
549,-70.8530604766239,-2.9628265391373976,11.136552945182274
550,-32.77639468496686,9.037888453050625,24.6252657472389
551,9.491384152791417,-44.58100961025295,2.432338627657513
552,-2.96343504700849,9.358023346933814,25.14662167836125
553,7.219721071068326,-63.522553100913946,2.6175824335769793
554,-19.402703265798174,9.741587618232122,18.277236168426906
555,-70.54196101589905,-3.677321877467598,11.044178823957232
556,-70.20277741448825,-1.7764107918364562,29.676406168677577
557,-70.45998661689049,2.505414367033916,30.335678449875562
558,9.630370262223623,-24.024494578356496,14.589777911680901
559,-54.65420928012743,8.217742726044582,5.478438933687068
560,8.161723400650326,10.244146389905064,32.15795075941084
561,-11.126288130808293,-64.49803444529438,9.582237549500716
562,6.65497705291021,9.36712153415307,12.865278502941905
563,9.372661363692062,-18.512172397280445,20.737552502209176
564,9.97709717940514,-2.4636296952038226,26.58710453955494
565,-11.321390280675327,-66.57077227115644,22.23461590091012
566,0.705049043252469,-70.71159876166773,3.070516287706857
567,-52.40262497999969,7.0232910089179,30.062528900708603
568,-60.22426145344414,8.088491018106955,5.171047691777224
569,8.815438789505825,-43.43076460798978,21.215599090835564
570,-24.3814177687182,9.633488481923438,18.129212334329686
571,3.5576969260862334,9.331705539826048,25.24648882135734
572,-33.9030221301614,8.90882508426058,5.502683236588993
573,-33.95889587470838,-40.87852797811681,3.8224210265546112
574,9.562040610246816,-33.67414108822475,33.73140993390716
575,8.644154132806088,9.397775223883931,7.172392402924601
576,9.629529344935937,-4.917347174489144,33.236166134583875
577,9.740215979301665,-7.346904733898857,1.9045152350917363
578,-4.878463610587404,-69.144429296931,3.175395007126193
579,-24.930016608218843,9.847437678254375,31.13635538330118
580,9.626190327743485,5.208241846022814,32.87817764495661
581,2.5160395914627394,-69.95913501400962,15.75443326870273
582,-35.08117236643644,8.699438089078113,5.5364332543070045
583,-63.62759214902173,-13.426182789270682,16.933810436523785
584,-65.72860398220679,5.81715166504277,24.29242368293917
585,-59.91951731635945,-16.852889293621764,29.644488236236654
586,10.20791063382834,-4.949255651053345,20.696222145781842
587,-15.699989044104584,-60.679704135094205,22.351708984127193
588,9.016677592481434,8.249490473314959,13.531160412179496
589,2.4597537330811416,9.300082511785773,0.10736012773446646
590,8.204251885726174,-54.686360079030244,2.5127228434497155
591,7.4528402360921735,9.31761686572023,25.468737800061064
592,0.7813017077987894,9.504625699778545,0.12415377251643278
593,-66.93328203240455,-7.9884798898805744,4.06574049304853
594,-43.43049061171282,-32.56550684040383,29.11234866339964
595,-31.52263039048841,9.076331395374863,5.509509874245685
596,-41.89889297131235,8.610622075030891,24.444604187076216
597,-37.456120580033584,9.12517523110767,17.49635304297361
598,8.93967370137412,-2.7366082483372196,1.537775859561373
599,-5.217187502754081,9.13432284511048,30.78588767914234
600,9.852127089523014,-12.670634521992136,8.416622521980875
601,9.63495944980257,-5.281464369590466,33.29225026077505
602,8.808283228868229,8.879458396000329,25.69554913181107
603,-0.5251624202025198,9.559310538132847,12.491524954384069
604,-68.14790674336531,5.169095201580644,30.27887800353232
605,6.9734468579871045,9.338441250986461,25.406265564047267
606,-18.51900520387609,-56.92947097335063,22.608650330174193
607,8.751141303871526,-36.38806624005122,27.630523879989422
608,-61.35991473892302,-14.8661034722145,29.57062184927227
609,-5.373397557251163,8.908286008060733,5.7948899241125975
610,-56.610933612983814,-17.386822806093452,4.2109585365961095
611,2.5976023653227696,9.621262003408612,6.297898941302204
612,6.184698646276571,-63.09688696159088,8.759560986642875
613,5.787821765551408,-64.22591414076963,15.426318841686847
614,-29.014558304921373,-45.669755065533565,22.460601347358363
615,-0.6093675927134559,-70.7330617912803,21.805109762483045
616,-59.54733254504726,-14.020191709325287,4.235524564038055
617,-70.52723901778093,-1.5863686818163156,22.684584820584472
618,9.561705976545325,-13.900678952325478,33.308232046631176
619,-12.262463536768873,-63.695475183312226,3.669253253285877
620,-43.745256953175705,-32.02955525337488,29.081490032118623
621,-53.12599802441977,-23.787685303123723,29.2100262940457
622,-22.553683265323137,-50.631212096575965,3.4530298484021777
623,-26.965895885703,9.351379377114705,11.736567337987285
624,-29.616115972026797,-43.86826659388276,16.117985541162003
625,9.78331813958191,-7.7779669936645925,14.841616769336891
626,8.834665628622682,9.30731581411103,7.225140400704939
627,10.051973568160802,-14.091278070797015,20.547435101589695
628,-44.69254522935324,7.771202107781496,4.795357664276564
629,8.668219631319404,8.957963213791588,0.7921133623947014
630,5.922018747948661,-62.07112680330094,34.341268486226184
631,-59.33488644705265,-16.231919442380317,23.940326721185443
632,1.1625966438155793,9.438635813522053,0.11565997973463737
633,-33.87354029417266,9.083679214275774,24.741228395236043
634,-6.228535346007235,9.111040009428093,30.78103288801658
635,-54.76143096530377,-19.92833784650365,4.161201106948495
636,9.78464659130226,-7.694115733143608,14.841954672061753
637,9.121703919964398,7.807009950249155,13.646140038779494
638,-51.93424815895271,-22.614199604816996,22.71406984778442
639,1.9275005147826754,9.43419999778114,25.24643000457034
640,-34.50038135473878,9.095804320559237,17.62984964860166
641,-1.8724243839341348,9.373776355823724,12.380583710290825
642,8.929339537518922,6.894600220431082,19.961319420034325
643,-16.931088159353926,-59.93179666091442,3.5133073632524603
644,5.726262211638099,-64.36399478045395,28.014615370670825
645,-59.90323633058065,6.311752620263045,24.004590005087994
646,8.885176980496714,-33.604143459462826,27.711847337620704
647,9.11651405251038,5.762328291279262,14.020682821757541
648,3.4697140630401044,-69.144531770214,34.683565620856605
649,7.441309823703014,9.35828702022283,19.45888881998395
650,-67.59882127796519,-4.315876201356398,15.859475979048922
651,-2.186518163121834,9.412601874135776,25.20212014198124
652,-36.82800032394731,8.506131345095126,5.817064466335388
653,-64.46896187782083,-12.019011029295243,16.981622948839277
654,6.8524569640331325,-60.58497865575017,8.96966768822328
655,-30.777595132004414,-43.21391558582106,28.690846984337067
656,-19.367327394471637,9.545139747911469,12.276252847828548
657,8.59883189738879,8.610655264594849,19.745239161668714
658,10.616153503342302,-41.93349327992684,-1.7398229518007504
659,6.978653198691303,9.690466541444271,6.850969324168924
660,3.456154151698005,-68.4804133329907,21.589475796821276
661,8.97926247621403,-2.9776831663693066,1.5756161291167903
662,7.540971046726495,-51.53246656719921,9.130931481164364
663,10.030230494983394,-19.131225364169488,7.930445268432662
664,7.649793278407371,9.307818646069167,25.495635117533496
665,9.67758592270411,7.157687099648724,7.67471781331721
666,2.4085124050783957,-70.1394701183106,2.988574659732736
667,10.04762803820631,-6.810301556103637,20.81598897973591
668,-16.73959248906869,9.158928383819893,30.880815527738825
669,0.9896974538886774,-70.6746996565123,3.064259154834849
670,-70.10511219078636,2.192394453367383,23.409954335186015
671,-70.6391987480409,0.5466627047305774,30.01267999950903
672,-28.94065706479214,9.4922711344571,17.910448984838048
673,-48.07601165558385,8.354131220434857,17.461938095037397
674,9.619416869303281,5.448497115779334,32.85440829672527
675,10.011943442490812,-15.327034043113123,26.935155336143403
676,-71.20564528208679,-1.435335134069664,11.201672486887318
677,9.968239253011726,-18.38472124853166,33.70133749732625
678,9.444570335062208,-35.89731355937103,33.86291297329901
679,10.068930263174304,-20.100960573796165,7.936328619364273
680,7.130042603236175,9.67497073691523,6.876230277521245
681,9.677055905843902,7.113437927813264,7.683289715973874
682,-6.254695842985247,9.16582108955195,12.242277469727942
683,-60.78931566515514,8.02572157397733,5.125499291005319
684,4.589035758479911,-66.99652105808238,34.62314180627713
685,8.06934593990466,-52.786634301535194,14.916795235607136
686,9.952549930448471,-1.1482437120985516,26.458193200194252
687,9.33642665668072,8.630278318415607,7.427583474857002
688,-0.7877854886419406,-71.2424501009761,34.861582948074684
689,-52.795921639467124,8.449140903542302,11.26094331323268
690,-61.08855455721165,-13.272891213332262,11.078767790098535
691,8.533278317934977,-36.99748544782059,21.260168315888983
692,9.55051242414943,7.8576045371365435,7.561715491071766
693,9.45613700343844,-3.153268848323881,7.783560312818496
694,9.67542071919688,0.07270845878856136,7.7985214504110285
695,-15.839559807699324,-61.358424767342854,3.588545800738636
696,-4.502610833057874,9.606103337785447,18.731462782397166
697,-63.73254540683479,-10.6519324877658,4.093254354103729
698,-22.204665956580925,9.480483962151892,5.621685332608424
699,-58.416135479578216,-16.19914587704646,11.184780020604524
700,-3.9833708686679286,-69.99863282036108,15.803174473878084
701,-26.795385197285967,9.349228912721403,11.744367801776498
702,9.65581036084283,-8.929949997202158,26.890945009909075
703,9.536744027928746,7.612382971490797,32.559815782504025
704,7.96117967601443,9.173620206075894,0.5386532806457787
705,8.987663015527884,9.181505402797912,7.276823930028431
706,-35.95205283682141,9.205303761771178,30.491664185323152
707,7.671556552011337,-48.94562815990161,8.954164351063485
708,7.616319979915572,-49.655308456242295,9.024358567427788
709,9.135233376864422,9.814354764004973,32.2218809160436
710,8.291518635238697,-51.30578909326937,2.2794402854568805
711,5.80189394128112,10.250797711519676,32.12161350833655
712,7.46453310419272,-56.07068013508047,33.83365723238278
713,9.133790468893233,-24.30034293275829,27.05971066383465
714,-14.384274944347304,8.994618789271906,30.955425705088686
715,6.072930103116784,-63.4314506948109,27.961321991252518
716,9.31770526016235,-31.021929230459676,14.644277806233639
717,9.637522547303176,-11.504758333011303,26.889978980594282
718,0.24176872737402277,9.167705081456964,6.244814939289178
719,0.07823423408611418,9.631449535416545,12.536959845703425
720,-24.008279581901483,-49.31083456163038,29.123147238709073
721,10.18353485869021,-2.3331390868657635,20.336964795393335
722,8.481813271262814,-33.03192231813535,21.356960499781216
723,-38.244661675066254,-35.37603338426396,10.4148981901083
724,8.06174760218797,-55.86190277840575,28.02701163606284
725,4.022337872169809,9.54449339184288,18.8871157020238
726,9.623424928790895,4.857907728051009,32.905379221073375
727,-41.05138223660003,-35.22860766500051,24.211609522190454
728,-9.863194556530171,-65.97922265922557,15.818550899466269
729,-0.17464543573069413,9.641130048965609,31.52115708847232
730,-70.7744458115431,-1.0403336522370896,4.506914715424664
731,-66.8041960969956,-7.7520002789468805,15.98600346604699
732,2.8423411680275663,-69.88703501142619,34.70374939284368
733,9.75330080470214,3.944376135677812,8.03312169131251
734,9.432865637719134,8.365380555215333,7.4762417056489365
735,8.115910950040183,-52.453967753607714,14.903006928776154
736,-69.3728677932279,3.243086249733194,23.56589264125403
737,10.141867653610754,-1.7293365802253238,20.252458687443543
738,-15.74378988239263,-59.112917040378115,34.79585951061293
739,0.5336207558044759,-70.08993466105689,21.85682870620355
740,9.264940511473439,7.48513614617343,25.959151451118885
741,-47.65769057297087,8.418530945443882,17.437013685759226
742,10.027115542895066,-24.622834037128822,33.173396946543534
743,8.822047219029573,-43.594428103752406,21.210700144319716
744,8.810346291415973,-45.56308819582409,34.97835219727408
745,1.4633157503672205,-69.64689045323581,21.853853879648035
746,6.323512659988376,-62.45349610292112,15.370834134568849
747,-36.69104752809576,9.111908442566838,30.405374817199416
748,9.119837206255381,8.626070361584931,1.0080408943757284
749,6.392527216220616,9.403261341932419,12.85631794574331
750,9.947611682321119,-3.5690705993843714,26.648780482541152
751,9.968657184270095,-6.591560912228209,26.685090118693964
752,9.351975750485463,8.574697827387281,7.43428685114988
753,-31.696186509471453,9.171884224070515,17.74632777609222
754,-11.038105901833374,-64.52867880572552,28.604684568338982
755,8.97628439041708,9.18555273146398,7.2719093602615565
756,5.710351998438929,-62.93544217130642,34.49319497153985
757,-21.761480565960177,9.26047070648501,24.61896367699515
758,9.679396528090885,-0.2490148780560819,7.7923774170197415
759,-31.48568823096621,-42.02008290048594,16.03200177242533
760,10.13558894500221,-8.030742365071323,20.820201374005865
761,-43.58882598316682,-29.947903405688123,10.42284796579671
762,-70.8809063524335,0.9780808409711081,17.3867606383997
763,11.554189674473497,-41.358936976767495,-1.238487655522551
764,-38.69062777062124,8.828299574009934,30.3251704181603
765,10.216277944938723,-3.0918484016921717,20.441562320635057
766,9.845938086143144,1.3695568735953163,20.160723549500062
767,-68.6942805406232,3.13631876616982,10.865482242075867
768,2.006780803985899,9.750397459618325,12.622420944187098
769,-5.740606457075873,-67.88904092162502,28.32515238924188
770,-56.25403430257073,-20.308521733672645,22.50117498579367
771,-48.988561510487905,-25.053631513900193,22.498868684552217
772,-1.8835502265964656,-70.93396508754564,21.787870749465455
773,-70.55062305569376,-1.4405606626798821,22.68034763056643
774,9.945180686200489,-3.569145009192031,26.648351777272868
775,-29.152333462588338,9.45547279351752,17.89319342737279
776,9.571620987771253,6.149189713462226,32.7719680753357
777,-6.7224962378416855,9.222539107774333,12.292411721997556
778,6.8696462232233575,-64.48484414835224,2.619707007046218
779,6.037177080100433,-63.44512466581993,15.404650211902373
780,9.526426480218598,7.186940265997281,32.6222502319861
781,-68.55251657324426,-6.738175475208132,23.537095751692895
782,-10.473830183694124,9.478401253745625,12.434174114209657
783,-20.38853975285069,9.619654342679945,31.134170554479777
784,-61.04900313421967,8.399918305037614,11.274239712432578
785,-23.880509975627334,9.999691841589238,31.220252874528633
786,-51.21207317212467,-23.497169029511596,10.394765828657881
787,-50.73029072027909,-23.526394633807914,22.648022895329774
788,9.389585285668678,-29.344680433405973,14.546246965183744
789,-29.799134027453583,9.164070132058141,5.482515648743922
790,7.603030918183487,10.320070221836309,32.15034990259835
791,6.839146197015358,9.34887459680838,12.877446526015326
792,-21.44110901081684,-53.728734824307885,22.85445885522536
793,-15.564911465500337,-58.70079664373909,9.542123758317032
794,-30.582402216732916,-44.277737788328814,3.9763057235275916
795,-63.34507280123686,-11.600703924419605,29.71458664114046
796,6.572311884935077,-58.304198340970956,22.151742152692268
797,-4.787797489254416,9.064461920725167,12.180561743590543
798,9.379285775223535,5.9590650022113305,26.066927694164704
799,9.907357998220236,-10.501926204259814,8.524489202414458
800,1.9482346917547044,9.533049099639063,6.283789189737723
801,8.382869439645733,-49.92292614575422,2.188953720992666
802,-12.868013958840802,-63.31833145162955,3.703752579224524
803,-70.33117243638506,-2.6492768083096667,4.4914044208420165
804,4.093846544272676,-67.53281048482685,9.206160324151192
805,10.045371240133738,-25.54022577664137,33.06553277300049
806,9.504589832130096,-17.56360048558362,20.648563348976438
807,-38.369994338086784,-33.35749221746683,16.6401909102526
808,9.45118402103065,2.8999821426728705,32.82801438233208
809,8.898566064697237,-30.342835887125474,27.381070244092328
810,9.56297814928101,3.803603542452114,26.282410990334
811,-5.726262258348029,9.644151231982418,18.711967302027382
812,9.984161707903185,-18.508147698060718,33.697577110815146
813,-21.993502910107594,9.618948330763965,18.16468797694038
814,-66.48346594375457,6.4087059383463565,4.768286539656163
815,-70.04318665471637,2.3372244676970535,23.439534429962535
816,-54.69534440689095,-22.035867442836995,29.380675931759086
817,9.771310732195973,4.1166911551121625,8.04523548816768
818,-44.98301536221927,-29.58831530453172,23.13504952215319
819,9.605310352415176,5.432374127836519,1.3711030464712515
820,-13.516715781326559,9.236591265673185,5.778696946296678
821,-59.80235041862844,9.2894687570645,11.59620628673538
822,5.160340582963853,-65.8382014794301,28.123001178929236
823,-4.598079257751373,9.605676654617971,18.727506853135583
824,7.268084250308567,-63.39653212817425,2.6179140120278124
825,9.451153295881985,1.7900211124390584,32.7693754792334
826,9.464283771791015,1.5579931545453274,32.76646907723587
827,8.618134943526032,8.941483000485247,13.282484392017931
828,9.723249555303253,-9.961534343987125,2.1544867022830463
829,-68.90733520916056,4.601535688440416,4.724779878429407
830,-64.65611661508048,6.002927785171481,30.232884310129513
831,9.582178262771157,5.990921438845609,32.79198892301993
832,9.157435274361143,8.195730023076313,25.84585681201967
833,9.466147605343073,7.906342529405551,1.2336458265753514
834,-3.4588196642657056,-69.81532395968046,3.13473464406521
835,-65.20822998242473,-8.5532800233421,11.23425977124003
836,-71.02202599428225,2.1484055709214243,4.7895743231022045
837,-11.820914986302073,8.888828036503481,31.04406699286433
838,9.677882149667669,-1.8753293565573372,14.182279813225048
839,6.192049814266381,-65.8777470645818,2.6491981332175776
840,9.709060441288509,7.014065142919497,7.699511657380114
841,9.657175332553559,-32.96254795991362,33.75147411576732
842,8.819907740791281,-32.73406286861937,27.561205972050644
843,-21.49615840574217,9.624737693188267,18.16994774290552
844,-23.05075692665637,9.47776483237327,5.6047437424127455
845,-22.050774617547084,9.880111369261941,31.245128111412
846,1.8548295561265853,-70.60940159716009,15.732099544579272
847,-4.648788667527188,9.07689350057303,12.183153428151414
848,-30.80055900230159,9.373336178428046,30.945517336448578
849,8.766645007101006,8.778131153557931,13.35939473210536
850,-22.366304767793515,-51.97388827264713,9.633424900069695
851,7.766077533415151,9.286211574017303,25.51110375250086
852,-19.55817680066095,-54.745487959754605,16.334034741988837
853,-14.393630502202807,9.26543339298624,5.763034746774286
854,-0.4121318621108063,-69.71721877714438,9.457825690268852
855,9.149090918333622,7.4782162657784195,13.722452097855529
856,9.534008471848265,-4.692652302403969,7.9702215769676865
857,9.239850982544395,7.794508175703738,25.91757080716263
858,-10.365614263856944,9.188194988080939,5.959718302694245
859,9.529353592706416,6.732000558618777,32.690932711433916
860,-70.62756534103943,1.207172784423273,30.136357459521637
861,-48.42075108388073,8.308293131991375,17.479781519980484
862,9.206611884422296,7.993395859827201,25.885195531353748
863,6.555277603558286,9.373537146006127,12.860735933649622
864,-26.515355107693058,9.100903852938176,24.38229812755902
865,-69.9824694379269,2.466104146993958,23.464085209330896
866,10.24817106887422,-4.236807222151084,20.59833974051974
867,9.270478660392206,7.56213789237542,25.95009864064714
868,-68.05132652868247,-5.5139966463000984,29.79908294836106
869,2.308675016759942,-70.37349716949839,34.7296342615515
870,9.499096291814498,-0.02843812665818568,14.09252610242934
871,9.594135691011699,3.2924401894753164,26.355819737920434
872,7.164743505466182,-63.71115604439435,2.6168138686024847
873,-2.7710801407921952,-68.9767036389415,9.518599637686002
874,9.59057655431067,4.47457408879283,1.3877886832026718
875,-22.327407814033045,-52.02426577075218,9.623569265834178
876,0.5600430310544251,9.69226032201716,31.611730153518437
877,-19.121623186493206,-55.22495413790302,16.333629008227287
878,-2.89592816706735,9.354518249438788,25.15299353537892
879,10.30093710081381,-10.724954297377716,20.683283834149833
880,-2.359210285211784,9.59113543648134,18.759240738099088
881,-17.478436553020977,9.108924287290554,24.65122324527683
882,9.679335317978024,-0.45969939264735693,7.786203846393462
883,-29.416419658415286,9.309537822987663,30.913383397936435
884,9.32038370873686,-34.13307004362172,8.512454390950111
885,-67.64472282612716,-4.03455110682677,15.887406856783006
886,8.823050762456623,-35.1640442922901,27.729991183157747
887,9.757970192972413,-16.921974842043582,14.452596977341111
888,9.629253805816097,-22.23495975310087,14.56325062892697
889,-16.783578056821625,-59.46576388134065,22.365687535338594
890,3.4216841737208554,9.721186857364875,12.657578167288914
891,-69.53926821284841,-0.8324040103622039,16.659078060417723
892,9.213588714535033,-35.30694680406944,8.558156828971445
893,2.985070015894731,9.374292056802842,25.253244979547574
894,-70.3186623023806,-4.08687444803509,10.988594988077228
895,10.108145744333632,-12.153283384461343,14.79954582614086
896,-1.9981453091978185,9.424871432675003,25.209017542623307
897,-25.96269180264919,9.405932164167668,5.530183171968796
898,5.301506373698006,9.194515718980353,0.14591853447169
899,3.888690122632683,-68.55539278904679,28.297047336969026
900,-67.1950132104563,4.912709718784585,10.925046168425578
