-2.979338333660637717e-01 -3.726195190033700366e-01 -1.448140611965704982e+00 -1.781412150075565526e+00 -1.946233685094528765e+00 -5.969889973926764126e-01 -4.467136598605672693e-01 -1.201261466429689673e+00 -8.436074764036198825e-01 -5.621616551198899137e-01
1.032054574105316203e+00 3.390170086288281648e-01 -1.638141858412472951e-01 4.134891565147861270e-01 6.043097306037270577e-02 -1.370261023125591171e+00 -1.654147906391617573e-01 2.718116037294844300e-01 1.520797400225138540e+00 -2.054818103030865206e+00
-1.506333157458762617e+00 -2.352510507249839566e+00 -2.183923234140373371e+00 -2.210774284064468631e+00 -2.943665617727915240e+00 -1.520813255741594983e+00 -1.586849722489183545e+00 -3.475092806860911043e+00 -2.813807463504844009e+00 -1.565860369316518508e+00
-1.278333831109667473e+00 -1.233090109763854691e+00 -6.106352121706042357e-01 -1.134352074148446521e+00 -2.902941466594240794e+00 -1.768702629474517618e+00 -1.038351176708438350e+00 -1.005223405656842983e+00 -1.253207290041435495e+00 -1.139062905506166956e+00
-1.730343618693138685e+00 -2.600941357408482535e+00 -2.346547540495380613e+00 -1.317839558141205680e+00 -2.774435644432619252e+00 -9.595320343763102944e-01 -1.193850501132012631e+00 -3.290081855925030663e+00 -2.719637164682174646e+00 -1.059359508469478239e+00
9.648406187558344893e-01 2.343638773335594117e+00 1.365378560442547684e+00 1.027028765896673246e+00 7.602687823035401138e-01 1.175582389904135772e+00 1.369392423446805562e+00 1.723805474969990037e+00 1.046793797831600814e-01 8.072510382552280372e-01
1.580965305250810360e+00 2.419123513723228314e+00 2.226775501097511878e+00 2.182070475722687419e+00 3.111736859703057245e+00 1.316758012086244989e+00 1.651158324924906884e+00 3.311844119811197196e+00 2.846583882330538717e+00 1.416862180920896330e+00
-7.960889960564702106e-01 6.212214325005432913e-01 -4.488923432514621004e-01 -1.301277218968089899e+00 -1.018336788296518636e+00 -5.469696365610087208e-01 -7.160596902559946964e-01 -1.083440565686502932e+00 -3.881155186558269965e-01 -7.606620488309761008e-01
6.868830886867486329e-01 1.578129813507326951e+00 1.704310642048242341e+00 2.073921596599158423e+00 1.897196485796760035e+00 2.724154404693353904e+00 1.523534043819309014e+00 2.980850456873001875e+00 2.060488397830050999e+00 1.686984117485919032e+00
-1.558192992923951081e+00 -2.399369352375882336e+00 -2.134147843327798721e+00 -2.158119777273414197e+00 -2.915070883215621134e+00 -1.705056661197435153e+00 -1.655911942030874107e+00 -3.247266555539035426e+00 -2.780758793149400887e+00 -1.590351195244946947e+00
1.305297678548799967e+00 1.421530440786322957e+00 1.238116879810407411e+00 1.530573112875471598e+00 1.540298459540638598e+00 1.299805034911587498e+00 1.968148900378396515e+00 1.752932498793752458e+00 2.023113717506412002e+00 7.476505134470934344e-01
2.708865933931043496e-02 2.314251009168782347e-01 -1.645774314921062964e-01 6.828598465135639062e-01 4.135643042531901847e-01 1.050076039342324297e+00 2.572262113586532561e-01 3.279762806889646165e-01 1.830511914518803962e-01 2.501922562442971398e-01
1.542870076073211472e+00 2.395914908056540504e+00 2.279832551444275879e+00 2.048529068958670596e+00 3.057597784187499723e+00 1.437355324131509793e+00 1.731710306482284967e+00 3.493936777601423849e+00 2.739536793599040898e+00 1.579267123177115595e+00
-1.016237270989828190e+00 1.259444373029432240e+00 8.859511467795636586e-01 1.703421473142795239e+00 -1.061602360441929127e+00 -3.531752916880694371e-01 4.026757777791593607e-01 8.816431017191843633e-01 2.805752201642611743e-01 5.653766942404235829e-01
3.191864594448136638e-01 2.211206233546323396e+00 1.465498503967591182e+00 1.340945686241885149e+00 3.000981816754109133e+00 1.677380267748445730e+00 1.946988820319069946e+00 2.016619270143858333e+00 2.912397173699860176e+00 1.865467502885688633e+00
-2.028302078128358943e+00 -8.279500441350775564e-01 -1.281203181399914515e+00 -1.129812492247618705e+00 -1.389629018484354050e+00 -4.428157403060779540e-01 -6.256460297139387894e-01 -2.417014317735781237e+00 -1.533981104349652069e+00 9.769284525658398222e-01
1.187800220092282588e+00 1.248953214003124756e+00 3.214363521030074278e+00 1.060832630570841095e+00 2.851309858769653705e+00 2.391462454532664150e+00 1.035034639696039038e+00 2.936444780526368703e+00 2.222592464322395767e+00 1.558029502725456483e+00
-1.379868614695637596e+00 -2.524920024645190164e+00 -1.832508249984155180e+00 -2.320655597845980189e+00 -2.609444794979551396e+00 -1.732554609803893308e+00 -1.689359948773455855e+00 -2.886137635734320028e+00 -2.856505173481080018e+00 -9.803226405609408722e-01
1.219756122680561328e+00 2.115399830691888194e+00 2.351457725871627602e+00 1.927470575750648285e+00 2.913148548037535868e+00 1.143673010342820984e+00 6.166234233617680083e-01 3.514954577810366132e+00 3.109166811727578139e+00 2.425001306682371016e+00
-2.888064749474950066e-01 1.972923957033606790e+00 2.395001216359944618e-01 -8.137139809410104396e-02 -1.436763966017803873e-01 6.360321014242230619e-01 7.485846415648883534e-01 -1.840588415128357469e-01 4.360767561203899301e-01 6.977073998871916038e-03
3.923589208754040270e-01 8.257743223287026257e-01 5.866427839464977145e-01 -6.880849631670027389e-01 2.036057232413369389e-01 1.263233428905097488e+00 -2.544683501699938066e-01 4.659299146859593455e-01 -9.021192720550059649e-03 -4.889095799123084896e-01
-4.236648011819315052e-01 -8.894039810998172202e-01 -8.852275722195909191e-01 -3.613224049394870296e-01 -3.910874362677038141e-01 -7.089532142190246855e-01 -3.802353043983077718e-01 -5.096095793719794820e-01 8.722556399480911882e-01 2.719994726196306445e-01
1.137198998018009583e-01 3.927657917627236372e-01 6.318315143557268199e-01 -4.086009853421588844e-01 1.232902807453263749e+00 1.102694965649366976e+00 6.091076711458217607e-01 2.298602236583483505e-01 2.087541990470375142e-01 5.323311333712579252e-01
4.210082073376841261e-01 3.496463957627705677e-01 -2.946285528522005204e-01 3.040426799351692577e-01 3.388192123487128171e-01 1.002753595601524328e+00 -7.837542186429888869e-01 -1.233566246742644062e-01 -6.559047343498450866e-01 -7.497663128171531965e-02
1.638512339593014122e+00 2.430583859869776653e+00 2.180335166920229106e+00 2.023146289654586205e+00 2.794826493243642851e+00 1.493538333002932372e+00 7.000100365733809005e-01 3.413849228235278144e+00 2.605116974733666879e+00 1.328243317833416315e+00
-1.696059636932738757e+00 2.627718201988842872e-01 -6.674749737513877568e-01 9.489676531233415258e-01 -1.006740833548791098e-01 1.011756529819766826e+00 2.649836542060442501e-01 -4.937790192719166416e-01 1.411475476704556475e-01 -7.873073324154571118e-02
-5.644502575233781849e-01 -5.307626338994243520e-01 -1.142077971896942934e+00 -9.716444996487382246e-01 -7.548933661952937912e-01 7.472846139055336900e-01 -1.721034227866705679e+00 -1.304762504049396199e+00 -1.708351951849254702e+00 -1.403771248236405311e+00
1.387453158199515535e+00 2.309470797767717354e+00 2.290663203978267504e+00 1.827294244917708088e+00 2.988063116026256960e+00 1.677926696446849775e+00 1.577088790557110043e+00 3.007282334838568438e+00 2.593348821172468899e+00 1.125653600453949021e+00
-8.906824207424629547e-01 1.048447303406376596e+00 2.451409071179186938e-01 3.903448299299139279e-01 -7.355517779004348000e-01 4.885007568792559263e-01 1.094545189141487462e+00 -1.327370521492269584e-01 1.329988743660406869e-01 2.311756292049702288e-01
-2.647208278947103532e-01 -1.017421308601633712e+00 -1.400255692051816769e+00 -3.429398421613500947e-01 -3.646806116240935758e+00 -2.837930234977753763e+00 -1.074846869297490626e+00 -1.994905172595216492e+00 -1.318581109411934404e+00 -1.130373245705560858e+00
3.330953264332121577e-01 -6.945733763513879389e-01 1.401796030037247620e+00 1.645158900166117988e+00 4.399467550328765575e-01 1.258228278192977001e+00 1.646724043647744384e+00 1.265566615707478748e+00 2.088829264795151186e+00 1.303281528674142375e+00
-1.585282919745497621e+00 -2.313499345391025752e+00 -2.330669753525202115e+00 -2.042869850530536713e+00 -3.047516545444642233e+00 -1.572813950796965843e+00 -1.667401573550681970e+00 -3.428412616779643596e+00 -2.589257706103125223e+00 -1.501863950168977224e+00
1.495110790184356608e-01 1.439816111144445465e-01 5.784496772318703517e-01 -9.758570084438006331e-01 5.602366647783557640e-01 -4.183270799276715968e-01 6.666892829497663708e-01 -8.204729719536214549e-01 -9.997635295929340193e-01 -5.838518197308983915e-01
2.969271030863316896e-01 2.826374647224356274e+00 2.411295194716782664e+00 1.986295140127156689e+00 2.976997173764664772e+00 1.460404093429135353e+00 2.033965473037718130e+00 3.494993846492526757e+00 2.725996153923747833e+00 1.587298067554062886e+00
2.260592635664834815e-02 1.345709613760541767e-01 -1.023450258237404098e+00 -4.353258053773201852e-01 -1.488376794571761419e+00 -1.192645841318356048e+00 -3.089456959620840437e-01 -1.334897578007289809e+00 -2.195153573064726471e-01 -8.215560801580521488e-01
9.051942788996345524e-01 2.468672978817762598e+00 2.506860071943257218e+00 1.799831529354998905e+00 1.909873635912475498e+00 1.616834378764050673e+00 2.023493770225722965e+00 2.798722395410029762e+00 2.146676765655660013e+00 1.672968921713395618e+00
9.199891811318987589e-01 6.217862253302214315e-02 1.220096885344384985e+00 -3.895906584649257987e-01 3.726162822247886530e-01 -7.385930974891344869e-01 -9.593275563768480230e-02 1.220094078674642674e-01 -5.445684620823464384e-01 -8.125771918807446204e-01
1.661157934100659261e+00 2.430424198376916145e+00 2.318004953519604339e+00 1.552972010381280077e+00 2.914901265112333384e+00 1.613011102165338828e+00 1.331213014112152537e+00 3.376068869426248842e+00 2.025342501414014951e+00 1.592327959541069538e+00
1.533235168765886280e+00 2.337125979148360511e+00 2.223897484756194309e+00 2.189714303182805466e+00 2.962298375993576816e+00 1.495072664340581836e+00 1.722176437374333791e+00 3.536525958829117577e+00 2.813074031962082167e+00 1.617446455707608921e+00
-1.452076898724478315e+00 -2.194783964195864190e+00 -2.131837840685592234e+00 -2.006831087763005339e+00 -3.200237971955019134e+00 -1.419125513858960019e+00 -1.709407215595123875e+00 -3.394052372446999755e+00 -2.654459545115412489e+00 -1.487252632861652213e+00
1.571515537803543916e+00 2.294325105772403894e+00 2.053525224726624465e+00 2.219103170455300145e+00 2.912502849683114459e+00 1.592064812055875578e+00 1.684707909460463560e+00 3.332418000078612774e+00 2.774475866008669467e+00 1.560677924924573690e+00
1.367379187271190455e+00 2.223572568883768863e+00 2.077427329964503411e+00 2.453079015157583420e+00 2.786682534032494551e+00 1.783469672316901011e+00 1.484640645509540002e+00 3.076779406091605384e+00 2.634458866124315790e+00 1.219660948413986201e+00
-1.267387489998678674e-01 -2.563763927920880370e+00 7.922532793830595887e-02 -1.055681198960639389e+00 6.270993426020227135e-01 -7.871753445273961258e-01 -5.921825180562526603e-01 -1.089317974192137578e-01 -5.612105931206898823e-01 -2.705812455247666448e-01
9.397261692362544883e-02 1.680193938117079400e+00 6.989530272489523632e-01 1.094897460320579219e+00 3.665539103437916446e-01 1.374180874061748936e+00 1.224851202833458830e+00 1.520657498878871472e+00 1.637836541811118041e+00 6.110464659969643275e-01
1.149378161009317889e+00 2.027553928129373073e+00 2.706909775333797619e+00 1.817584969324081090e+00 2.773661709577602164e+00 1.940362230146084555e+00 8.846649134563741024e-01 3.062787040257310078e+00 2.648158672172613581e+00 1.686110788876192590e+00
-5.589091211904202439e-01 -9.496452274869270349e-01 -5.166967411179802516e-01 6.784137269367622736e-01 -3.974968211365250692e-01 1.298941829193573039e+00 -1.929600424947465198e-01 -5.555076814989974299e-01 -7.087842322217816626e-01 8.367772064891486616e-01
-1.333739129057699424e+00 -1.471088566276441245e+00 -1.254247588235578359e+00 -1.217556133778014305e+00 -2.954532812403054987e+00 -1.493143148801461928e+00 -3.927493361379120335e-02 -2.442610021522896080e+00 -1.939089058988138659e+00 -1.891483872313475922e+00
-3.691872240971311725e-01 4.867540611603694833e-02 -6.323513325242776650e-01 -6.136512665783531995e-02 5.949012136458273758e-01 1.336555048510872590e+00 -2.693937227020404279e-02 1.018205842768295399e+00 8.728478599620363987e-01 1.442953957736540005e+00
1.150289854056540495e+00 1.043475971234836486e+00 8.080826969819282501e-01 -1.095921045056581722e+00 1.999575490684238899e-01 -2.317224493627953741e-01 6.638503732420670822e-01 3.654744059406848100e-01 9.732835498352173653e-01 5.767890892585421092e-01
-9.874484450746858766e-01 -5.316542391369387666e-01 2.103612313336708506e-03 -5.812717089275880600e-01 -9.391464036924875025e-02 2.121275251990782373e-01 -1.226644769658924022e-01 -1.353663879932562208e+00 -3.128082337769163002e-01 -6.627355700697940000e-01
2.391087144314257562e-01 -4.549666461148491603e-01 3.279170502507428031e-01 6.261945065326789406e-01 4.151746967395650856e-01 -3.761533464124713344e-01 9.147717554627916581e-01 4.094506548034271970e-02 3.855197532648548808e-01 -1.358296052896574950e-02
-4.965621622281208292e-01 -1.583947937074854373e+00 -6.616299236038358789e-01 -2.045106018076907173e+00 2.283146251230949997e-01 -1.713823361656297006e+00 -1.482577476841761444e+00 -2.450498438719072691e+00 -1.554219319377055264e+00 -1.171413153310150168e+00
-1.295639176238087442e+00 -2.317275700126804949e+00 -2.303432497317045691e+00 -1.778469245919228392e+00 -3.249603892222782786e+00 -1.145642194557100479e+00 -1.354064015213705785e+00 -3.283939428353532808e+00 -2.619685839207726019e+00 -1.525485694864948893e+00
-9.317022037835334114e-01 -9.472376806822391249e-01 -7.753713574676428244e-02 3.844771979302420983e-01 -5.737291212963175902e-01 -1.444792446907107397e+00 6.432191197831471641e-01 -4.988064945673789663e-01 5.746026251871686474e-01 7.237630652587663527e-02
1.188056345577528150e+00 2.478096702641647830e+00 2.029241647251993630e+00 1.902895613745938741e+00 2.784768683816349899e+00 1.608522613060596740e+00 1.607121827364189626e+00 3.039882560712776183e+00 2.555748194582811550e+00 1.230364201124829027e+00
1.416631850159380646e+00 2.340202620316134130e+00 2.356258887617543429e+00 2.158355467779187187e+00 2.987640210272941133e+00 1.536751493207109132e+00 1.390318957690398260e+00 3.370697101115741390e+00 2.659150444108031142e+00 1.658305777084325916e+00
8.314850497175867439e-01 1.532672414570644959e+00 2.082406205483857686e+00 1.470507310207116003e+00 2.220111479799196985e+00 2.122184767779067727e+00 8.764496906203871340e-01 3.677196358521997333e+00 2.055719037251665160e+00 1.547876651824069194e+00
7.330955347923099330e-01 2.075944701767100220e+00 1.017896907608971890e+00 7.552034933680206175e-01 2.005326588211286509e+00 1.689128809486430738e+00 7.006256969100848053e-01 2.166090675772438079e+00 4.911750171443813873e-01 9.441772018911502862e-01
-1.417444593482690918e+00 -2.066563708792010345e+00 -4.125168632616639242e-01 -4.933962376690141927e-01 -5.333193867853024406e-01 -2.488495309098485819e+00 -1.639039721565938024e+00 -4.396222374979981695e-01 -6.910113781894831053e-01 -2.510885102500759469e+00
1.631134208122440032e+00 2.186755451615426171e+00 2.091741009718338429e+00 2.177170507014465795e+00 2.969962064756394682e+00 1.560866097471739433e+00 1.650179752910962749e+00 3.339456585387677645e+00 2.908251362741417267e+00 1.640996967504777304e+00
-1.645643742771640161e+00 -2.116999983942940311e+00 -1.898387240823777855e+00 -2.063693669056414048e+00 -2.524585551843833375e+00 -1.044295053281044217e+00 -1.835861905557800489e+00 -2.909794838138328732e+00 -2.897786004946954819e+00 -9.263950272677036191e-01
1.146670720585032610e+00 2.172842814483372020e+00 2.364752275719224084e+00 2.024234300587007596e+00 2.929181567236075701e+00 1.159842458180327718e+00 1.557041393922440786e+00 3.378800453746948929e+00 2.777604627624161715e+00 1.654897459352927536e+00
1.212048882717076337e+00 2.798285450355264548e+00 1.865225863855299426e+00 2.314806126985187618e+00 2.874119668243024783e+00 1.285295573871067187e+00 1.802626326325719841e+00 3.710191711596302788e+00 3.034025178326393846e+00 1.772167780203694365e+00
-4.520615864848961940e-01 -1.123393215628179620e+00 -1.444292341069218111e+00 2.767048672957361441e-02 -1.785183506320834335e-01 1.077430593444374529e-01 -1.396323862687065542e+00 -1.580067074004353644e+00 -6.404223686819393579e-01 -1.469194546112510213e+00
1.248974650654443685e+00 2.491549857490308106e+00 1.862951148138371149e+00 2.279894566610944029e+00 2.857059783696668909e+00 1.604886319724315946e+00 1.397515547996968310e+00 3.067098105155525722e+00 2.638468002584781757e+00 1.656869918507606565e+00
1.368729677748833584e+00 1.974324752927672177e+00 1.812536562618912495e+00 1.110937369729767754e+00 2.643344879046924500e+00 1.707906822811123604e+00 1.063077069378734141e+00 3.384610819975444773e+00 1.486666654055067482e+00 1.546866718820446573e+00
1.784381429363744997e+00 2.172702161374060914e+00 1.579809221106270645e+00 1.494564828936745249e+00 2.087739753954604094e+00 4.123824256703147451e-01 8.599988734218757536e-01 2.292684506272385292e+00 1.862106959505734238e+00 5.702958349048622422e-01
-1.065023933907565334e+00 -6.930660533087379394e-01 -9.403843847528293720e-01 -2.244018156752437765e+00 -1.304252048736321834e-01 1.933184606776876258e-01 -1.229268923119263279e+00 -1.632060150197375714e+00 -1.512476583697575983e+00 -6.993183729119435421e-01
1.173310574638493753e+00 2.245636342176978051e+00 1.557545245728626071e+00 1.513252867642901345e+00 2.586592162495293667e+00 1.363256800872900021e+00 1.052821259716061109e+00 2.638412383532818595e+00 2.195596798628101087e+00 9.746547578965152336e-01
-1.266869359733272082e+00 -2.181601191294707753e+00 -2.166737388149801991e+00 -1.940147472407535600e+00 -2.965933391450668033e+00 -1.493668324522799518e+00 -1.523669850406186299e+00 -3.164639645985542149e+00 -2.665535125201150546e+00 -1.531843156443706278e+00
1.769498898834321599e-01 1.565104141174915808e+00 1.366867810613235035e+00 1.089656619316755171e+00 -8.863723272440572620e-02 9.439330564500673093e-01 5.436402139476130824e-01 4.328472055988971112e-01 -2.541105978699107482e-01 -2.639122847472670785e-01
3.080548564644860488e-01 7.050876219123123345e-01 6.460690111847968709e-01 9.932142640457711780e-01 1.068919204455294897e-01 -3.702555877017156827e-01 1.159071245896912572e+00 2.903465036037325420e-02 -1.426016940622809315e-01 6.423653920402663808e-02
-1.421143481757624505e+00 4.388883698958467861e-01 -1.077246684941217253e-01 -8.183208778972034247e-01 5.036266614903720518e-01 -1.484067925228819362e+00 7.475820969840928365e-01 2.537489074008501544e-01 -5.459040639274761464e-01 6.684868515645044917e-01
-1.202846787818788288e+00 -1.470235165468601890e+00 -8.510300978403851913e-01 -9.131677483527252115e-02 -1.464438462233245364e+00 -3.942535845378210557e-01 1.007650714141610004e+00 -1.137774304812490200e+00 9.872258972814673683e-01 -8.496743072695123189e-01
1.639268472499123774e+00 2.415487563100288781e+00 2.018447265592198558e+00 2.261828896917201348e+00 2.885721209631018525e+00 1.574111281682608166e+00 1.880483713659204525e+00 3.274488054195963560e+00 2.857672355490198601e+00 1.350842300517900219e+00
-1.529030439317891066e+00 -2.303362091118134725e+00 -2.052530437684652487e+00 -2.188136911774065663e+00 -2.840533451358294936e+00 -1.580199626698837401e+00 -1.632476827570595646e+00 -3.427807868355245979e+00 -2.736930831939406783e+00 -1.616745291683773900e+00
-9.341753529123738575e-01 -6.472660925411998223e-01 -9.309969870339034337e-01 4.410606899188136976e-01 2.695464372165127243e-01 6.137016774666476104e-01 4.279175063184133959e-02 3.158538434722160115e-01 -7.931925604848436007e-02 3.880889882016422959e-02
-1.328518114067884115e+00 -2.264276832551885832e+00 -1.880084653857264865e+00 -2.388649760335376904e+00 -3.131049066607095366e+00 -1.938800410646040140e+00 -1.546164241430928232e+00 -3.533852635285018362e+00 -2.670638452033736954e+00 -1.810379406924580881e+00
-1.671773799343883038e+00 -2.360141548776480303e+00 -2.241103759910911819e+00 -2.080934066305340835e+00 -2.982198773407997550e+00 -1.348024594304746637e+00 -1.352131559457984133e+00 -3.446990434454837438e+00 -2.706808236445585436e+00 -1.405531670007191591e+00
1.344171175728871681e+00 1.858726823121703120e+00 2.144231885112366953e+00 2.069850098858086351e+00 2.931587551890528776e+00 1.944333497927783982e+00 1.368434307738938704e+00 2.617717588714435273e+00 2.635999615631849480e+00 -1.824503919143454223e-01
-1.183627785594133508e+00 -2.012402080211010080e+00 -1.667228110698952603e+00 -2.068237013304754957e+00 -2.740207231144543787e+00 -1.189149556461152724e+00 -1.677683541542986267e+00 -2.539182950071822376e+00 -2.404195711286730486e+00 -9.578640740046464597e-01
1.580434951738611593e+00 2.354122243321009389e+00 2.118309509456470341e+00 2.039194242839251991e+00 2.857301604550346763e+00 1.557935259095983627e+00 1.747226350804806705e+00 3.292296178474122481e+00 2.778280386180842054e+00 1.611424682235114147e+00
-1.618066368562149027e+00 -2.060246485025740260e+00 -3.049781548042712398e+00 -1.316126645199336753e+00 -2.687993018997566708e+00 -2.288832931633505208e+00 -1.550588754375106237e+00 -2.975163092672138188e+00 -1.915620078877824595e+00 -1.560921838917661786e+00
-3.710521258156141977e-01 1.506437935952960272e+00 7.108510927783046052e-01 -1.288772389598716428e+00 6.994811546829272642e-01 -3.576318013864097228e-02 1.088129248223935752e-01 7.637343219486480983e-01 -2.783680734362153353e-01 8.680058352305182190e-01
-1.294236917005265219e+00 -2.451622889051336518e+00 -1.956482182070232723e+00 -2.003718991490742507e+00 -2.894683853324820255e+00 -1.593071941945033876e+00 -1.372324349295158674e+00 -3.250235120656122412e+00 -2.736635328953171520e+00 -1.583634708779027456e+00
9.712660632880891765e-01 1.705031935920659825e+00 8.576939556363598616e-01 1.558515539973539976e+00 -2.093250957203336357e-02 9.122475708193198418e-01 8.086341247363677542e-01 1.323100210767276463e+00 1.699305516582012787e+00 2.524592872082248363e+00
-2.310376786167589180e-01 -2.370612775071582190e-01 -1.358117949068481822e+00 -5.687343556861154115e-01 -1.405833149632270018e+00 -6.147860549810971742e-01 -1.523003476212461127e+00 -1.114864418699152537e+00 -9.021868935669264955e-01 -4.729836479846283859e-01
-1.497799641068003229e+00 -2.333869904556844510e+00 -2.196553908296762447e+00 -2.100980596799207234e+00 -2.994172306162417918e+00 -1.527757538419089123e+00 -1.686705486475156501e+00 -3.302823567502303881e+00 -2.856575844366061379e+00 -1.392730703067373454e+00
1.392324732446046598e+00 1.622933201157079841e+00 -1.608334411170476708e-01 -1.771689967615839786e-02 2.166335973859049024e-01 1.124268255471850164e+00 1.450253452216785588e+00 1.050807287502904197e+00 -3.482126208632603248e-01 1.297601639607258273e+00
4.794831432177954489e-01 1.428078140114602101e+00 4.269712751796427841e-01 1.459805065326894136e+00 -1.200523989692640070e-01 -7.400692887468998671e-02 4.447071992597856349e-01 1.060225166214234793e+00 5.235380573135277604e-01 -6.027796501804422169e-01
1.483168484621580907e+00 2.100455077276728755e+00 2.351639493886474419e+00 2.102487231481764418e+00 3.055199924015993496e+00 1.337856630219982135e+00 1.686763709758227758e+00 3.489681020825209146e+00 2.803201278830750098e+00 1.497686444258103267e+00
1.290813147494591862e+00 2.524846322512225072e+00 2.010642732673609601e+00 2.337895809759848120e+00 2.781994983120747111e+00 1.467841726083149112e+00 1.407475465011054361e+00 3.171991683485329450e+00 2.606768083271428615e+00 1.257271007303467858e+00
4.731013578307771694e-01 7.962124866371880216e-01 2.254569844444639148e+00 2.796326648557624917e-01 2.025764567717420306e+00 8.941568986057512047e-01 2.006317083698070936e-01 1.871805948579471579e+00 4.366029997792992834e-01 8.042039477827821470e-01
-7.802941568652403959e-01 -1.897684255754898963e+00 -9.652408292810391588e-01 7.756113998097996509e-02 1.082748093696129121e+00 4.277255297832792125e-01 -5.441024919175391217e-01 -2.726397889159435928e-01 2.444887066631505068e-01 5.361573510614962013e-01
1.519098058226724390e+00 2.190728727803485931e+00 2.153849942742377621e+00 2.250254757147099216e+00 3.097062092070202333e+00 1.585414547641680993e+00 1.783653453339274497e+00 3.245623410818785803e+00 2.760928936350111496e+00 1.563209626502323202e+00
-1.010707628197116570e+00 -5.315007249860025373e-01 -2.767710220240807706e-01 1.711782245069564556e+00 4.969299851477250174e-01 -7.392202928653522909e-01 -2.923929347206416507e-01 2.802750324237873181e-01 6.193872239291948745e-01 -2.123094836807973632e-02
6.022649680621671164e-01 3.729849149534266717e-01 1.066368229500823439e+00 1.012324457754648632e+00 7.927669291670929042e-01 -4.292528397398199802e-01 1.577630886207957550e+00 -1.826581001280655481e-01 1.541584643102976049e+00 -3.954685871527566787e-01
9.245920102480572611e-01 -9.942863055249265836e-01 -2.279415021758073867e-01 6.139178135054129681e-01 -6.554589727680121269e-02 1.620166960648009358e+00 -1.979371574690129421e-01 2.498839688739027121e-01 -2.302588552251542964e-01 -8.260563191492701351e-01
9.053694607632692959e-01 1.773127582146651893e+00 1.505848268342136143e+00 1.501813429047439641e+00 2.081825177565514107e+00 5.305327167376863162e-01 8.625043534374674525e-01 2.213336251387584941e+00 1.862954323759626885e+00 6.769077534329893675e-01
1.609739747633839535e+00 2.203902763757890071e+00 2.025850458036159374e+00 2.077566432734682333e+00 2.863558828545284207e+00 1.447872828931007883e+00 1.706435651565507250e+00 3.436432380378401596e+00 2.598095539504198026e+00 1.680532420533434435e+00
